# Blender v2.69 (sub 0) OBJ File: 'walk_bot.blend'
# www.blender.org
o Cube.004
v 0.200000 3.300000 -0.200000
v 0.200000 3.300000 0.200000
v -0.200000 3.300000 0.200000
v -0.200000 3.300000 -0.200000
v 0.200000 5.200000 -0.200000
v 0.200000 5.200000 0.200000
v -0.200000 5.200000 0.200000
v -0.200000 5.200000 -0.200000
vt 0.541429 0.442629
vt 0.496797 0.414675
vt 0.583096 0.413748
vt 0.427412 0.651290
vt 0.383799 0.608604
vt 0.470098 0.607677
vt 0.532706 0.651290
vt 0.483412 0.373864
vt 0.434188 0.371062
vt 0.425466 0.579723
vt 0.373033 0.371062
vt 0.593861 0.651290
vt 0.539483 0.371062
vt 0.483482 0.648487
vn 0.000000 -1.000000 0.000000
vn 0.000000 1.000000 0.000000
vn 1.000000 -0.000000 0.000000
vn -0.000000 -0.000000 1.000000
vn -1.000000 -0.000000 -0.000000
vn 0.000000 0.000000 -1.000000
vn 0.000000 -1.000000 0.000001
vn 0.000000 1.000000 0.000003
vn -0.000001 0.000000 1.000000
s off
f 1/1/1 2/2/1 4/3/1
f 5/4/2 8/5/2 6/6/2
f 1/1/3 5/7/3 2/2/3
f 2/8/4 6/6/4 3/9/4
f 3/9/5 7/10/5 4/11/5
f 5/7/6 1/1/6 8/12/6
f 2/2/7 3/13/7 4/3/7
f 8/5/8 7/10/8 6/6/8
f 5/7/3 6/14/3 2/2/3
f 6/6/9 7/10/9 3/9/9
f 7/10/5 8/5/5 4/11/5
f 1/1/6 4/3/6 8/12/6
o Cube
v 0.700000 1.747340 -0.445775
v 0.700000 1.689008 -0.050051
v 0.300000 1.689008 -0.050051
v 0.300000 1.747340 -0.445775
v 0.700000 3.627028 -0.168696
v 0.700000 3.568696 0.227028
v 0.300000 3.568696 0.227028
v 0.300000 3.627028 -0.168696
vt 0.692114 0.026736
vt 0.754778 0.088068
vt 0.630782 0.089400
vt 0.845679 0.326542
vt 0.909805 0.366708
vt 0.785810 0.368039
vt 0.858212 0.026736
vt 0.770345 0.026736
vt 0.770244 0.429371
vt 0.694909 0.129565
vt 0.682376 0.429371
vt 0.848473 0.429371
vt 0.611651 0.425344
vt 0.928938 0.030764
vn 0.000000 -0.989309 -0.145832
vn -0.000000 0.989309 0.145832
vn 1.000000 0.000000 -0.000000
vn -0.000000 -0.145831 0.989309
vn -1.000000 0.000000 -0.000000
vn 0.000000 0.145831 -0.989309
vn 0.000000 -0.989310 -0.145831
vn -0.000001 -0.145831 0.989309
vn 0.000000 0.145831 -0.989310
s off
f 9/15/10 10/16/10 12/17/10
f 13/18/11 16/19/11 14/20/11
f 9/21/12 13/18/12 10/22/12
f 10/16/13 14/23/13 11/24/13
f 11/24/14 15/25/14 12/17/14
f 13/18/15 9/21/15 16/19/15
f 10/16/16 11/24/16 12/17/16
f 16/19/11 15/26/11 14/20/11
f 13/18/12 14/20/12 10/22/12
f 14/23/17 15/25/17 11/24/17
f 15/25/14 16/27/14 12/17/14
f 9/21/18 12/28/18 16/19/18
o Cube.003
v 0.720000 -0.002245 -0.899901
v 0.720000 -0.106887 -0.472525
v 0.280000 -0.106887 -0.472525
v 0.280000 -0.002245 -0.899901
v 0.720000 2.027790 -0.402851
v 0.720000 1.923148 0.024524
v 0.280000 1.923148 0.024524
v 0.280000 2.027790 -0.402852
vt 0.108231 0.022388
vt 0.164131 0.077100
vt 0.053519 0.078288
vt 0.245221 0.289835
vt 0.302427 0.325666
vt 0.191814 0.326853
vt 0.256402 0.022388
vt 0.178018 0.022388
vt 0.177928 0.381566
vt 0.110724 0.114118
vt 0.099544 0.381566
vt 0.247714 0.381566
vt 0.036452 0.377973
vt 0.319494 0.025981
vn 0.000000 -0.971309 -0.237823
vn 0.000000 0.971309 0.237823
vn 1.000000 -0.000000 -0.000000
vn -0.000000 -0.237823 0.971309
vn -1.000000 0.000000 -0.000000
vn 0.000001 0.237823 -0.971309
vn -0.000000 0.971308 0.237823
vn -0.000001 -0.237823 0.971309
vn 0.000000 0.237823 -0.971309
s off
f 17/29/19 18/30/19 20/31/19
f 21/32/20 24/33/20 22/34/20
f 17/35/21 21/32/21 18/36/21
f 18/30/22 22/37/22 19/38/22
f 19/38/23 23/39/23 20/31/23
f 21/32/24 17/35/24 24/33/24
f 18/30/19 19/38/19 20/31/19
f 24/33/25 23/40/25 22/34/25
f 21/32/21 22/34/21 18/36/21
f 22/37/26 23/39/26 19/38/26
f 23/39/23 24/41/23 20/31/23
f 17/35/27 20/42/27 24/33/27
o Cube.001
v -0.300000 1.689697 0.069731
v -0.300000 1.752578 0.464758
v -0.700000 1.752578 0.464757
v -0.700000 1.689697 0.069731
v -0.300000 3.566073 -0.228954
v -0.300000 3.628954 0.166073
v -0.700000 3.628954 0.166073
v -0.700000 3.566073 -0.228954
vt 0.268013 0.651957
vt 0.204440 0.612139
vt 0.327364 0.610818
vt 0.105608 0.949172
vt 0.043485 0.888371
vt 0.166409 0.887050
vt 0.255588 0.949173
vt 0.185373 0.554009
vt 0.115260 0.550016
vt 0.102836 0.847232
vt 0.028151 0.550017
vt 0.342696 0.949173
vt 0.265242 0.550016
vt 0.185474 0.945180
vn -0.000000 -0.987566 0.157203
vn 0.000000 0.987566 -0.157203
vn 1.000000 0.000000 0.000000
vn -0.000000 0.157202 0.987566
vn -1.000000 -0.000000 -0.000000
vn 0.000000 -0.157202 -0.987566
vn -0.000000 -0.987566 0.157202
vn 0.000000 0.987567 -0.157201
s off
f 25/43/28 26/44/28 28/45/28
f 29/46/29 32/47/29 30/48/29
f 25/43/30 29/49/30 26/44/30
f 26/50/31 30/48/31 27/51/31
f 27/51/32 31/52/32 28/53/32
f 29/49/33 25/43/33 32/54/33
f 26/44/34 27/55/34 28/45/34
f 32/47/35 31/52/35 30/48/35
f 29/49/30 30/56/30 26/44/30
f 30/48/31 31/52/31 27/51/31
f 31/52/32 32/47/32 28/53/32
f 25/43/33 28/45/33 32/54/33
o Cube.002
v -0.280000 0.915125 -1.420036
v -0.280000 0.548341 -1.176992
v -0.720000 0.548341 -1.176992
v -0.720000 0.915125 -1.420036
v -0.280000 2.069581 0.322185
v -0.280000 1.702797 0.565228
v -0.720000 1.702798 0.565228
v -0.720000 2.069581 0.322185
vt 0.898509 0.709462
vt 0.845696 0.676383
vt 0.947814 0.675286
vt 0.763593 0.956370
vt 0.711985 0.905859
vt 0.814103 0.904762
vt 0.888187 0.956370
vt 0.829857 0.628092
vt 0.771611 0.624776
vt 0.761290 0.871684
vt 0.699246 0.624776
vt 0.960551 0.956370
vt 0.896207 0.624776
vt 0.829940 0.953053
vn 0.000000 -0.552371 -0.833598
vn -0.000000 0.552372 0.833598
vn 1.000000 0.000000 -0.000000
vn -0.000000 -0.833598 0.552371
vn -1.000000 0.000000 -0.000000
vn 0.000000 0.833598 -0.552371
vn 0.000000 0.552371 0.833598
vn -0.000001 -0.833598 0.552371
s off
f 33/57/36 34/58/36 36/59/36
f 37/60/37 40/61/37 38/62/37
f 33/57/38 37/63/38 34/58/38
f 34/64/39 38/62/39 35/65/39
f 35/65/40 39/66/40 36/67/40
f 37/63/41 33/57/41 40/68/41
f 34/58/36 35/69/36 36/59/36
f 40/61/42 39/66/42 38/62/42
f 37/63/38 38/70/38 34/58/38
f 38/62/43 39/66/43 35/65/43
f 39/66/40 40/61/40 36/67/40
f 33/57/41 36/59/41 40/68/41
