# Blender v2.69 (sub 0) OBJ File: 'walk_bot.blend'
# www.blender.org
o Cube.004
v 0.200000 3.300000 -0.200000
v 0.200000 3.300000 0.200000
v -0.200000 3.300000 0.200000
v -0.200000 3.300000 -0.200000
v 0.200000 5.200000 -0.200000
v 0.200000 5.200000 0.200000
v -0.200000 5.200000 0.200000
v -0.200000 5.200000 -0.200000
vt 0.541429 0.442629
vt 0.496797 0.414675
vt 0.583096 0.413748
vt 0.427412 0.651290
vt 0.383799 0.608604
vt 0.470098 0.607677
vt 0.532706 0.651290
vt 0.483412 0.373864
vt 0.434188 0.371062
vt 0.425466 0.579723
vt 0.373033 0.371062
vt 0.593861 0.651290
vt 0.539483 0.371062
vt 0.483482 0.648487
vn 0.000000 -1.000000 0.000000
vn 0.000000 1.000000 0.000000
vn 1.000000 -0.000000 0.000000
vn -0.000000 -0.000000 1.000000
vn -1.000000 -0.000000 -0.000000
vn 0.000000 0.000000 -1.000000
vn 0.000000 -1.000000 0.000001
vn 0.000000 1.000000 0.000003
vn -0.000001 0.000000 1.000000
s off
f 1/1/1 2/2/1 4/3/1
f 5/4/2 8/5/2 6/6/2
f 1/1/3 5/7/3 2/2/3
f 2/8/4 6/6/4 3/9/4
f 3/9/5 7/10/5 4/11/5
f 5/7/6 1/1/6 8/12/6
f 2/2/7 3/13/7 4/3/7
f 8/5/8 7/10/8 6/6/8
f 5/7/3 6/14/3 2/2/3
f 6/6/9 7/10/9 3/9/9
f 7/10/5 8/5/5 4/11/5
f 1/1/6 4/3/6 8/12/6
o Cube
v 0.700000 2.339340 -1.343503
v 0.700000 2.056497 -1.060660
v 0.300000 2.056497 -1.060660
v 0.300000 2.339340 -1.343503
v 0.700000 3.682843 0.000000
v 0.700000 3.400000 0.282843
v 0.300000 3.400000 0.282843
v 0.300000 3.682843 -0.000000
vt 0.692114 0.026736
vt 0.754778 0.088068
vt 0.630782 0.089400
vt 0.845679 0.326542
vt 0.909805 0.366708
vt 0.785810 0.368039
vt 0.858212 0.026736
vt 0.770345 0.026736
vt 0.770244 0.429371
vt 0.694909 0.129565
vt 0.682376 0.429371
vt 0.848473 0.429371
vt 0.611651 0.425344
vt 0.928938 0.030764
vn 0.000000 -0.707107 -0.707107
vn -0.000000 0.707106 0.707107
vn 1.000000 0.000000 -0.000000
vn -0.000000 -0.707107 0.707107
vn -1.000000 0.000000 -0.000000
vn 0.000000 0.707107 -0.707107
vn -0.000000 0.707107 0.707107
s off
f 9/15/10 10/16/10 12/17/10
f 13/18/11 16/19/11 14/20/11
f 9/21/12 13/18/12 10/22/12
f 10/16/13 14/23/13 11/24/13
f 11/24/14 15/25/14 12/17/14
f 13/18/15 9/21/15 16/19/15
f 10/16/10 11/24/10 12/17/10
f 16/19/16 15/26/16 14/20/16
f 13/18/12 14/20/12 10/22/12
f 14/23/13 15/25/13 11/24/13
f 15/25/14 16/27/14 12/17/14
f 9/21/15 12/28/15 16/19/15
o Cube.003
v 0.720000 2.200600 -3.053595
v 0.720000 1.764442 -2.995579
v 0.280000 1.764442 -2.995579
v 0.280000 2.200600 -3.053595
v 0.720000 2.476173 -0.981842
v 0.720000 2.040015 -0.923826
v 0.280000 2.040015 -0.923826
v 0.280000 2.476173 -0.981842
vt 0.108231 0.022388
vt 0.164131 0.077100
vt 0.053519 0.078288
vt 0.245221 0.289835
vt 0.302427 0.325666
vt 0.191814 0.326853
vt 0.256402 0.022388
vt 0.178018 0.022388
vt 0.177928 0.381566
vt 0.110724 0.114118
vt 0.099544 0.381566
vt 0.247714 0.381566
vt 0.036452 0.377973
vt 0.319494 0.025981
vn 0.000000 -0.131853 -0.991269
vn 0.000000 0.131853 0.991269
vn 1.000000 0.000000 -0.000000
vn 0.000000 -0.991269 0.131853
vn -1.000000 0.000000 -0.000000
vn 0.000001 0.991269 -0.131853
vn 0.000000 0.991269 -0.131853
s off
f 17/29/17 18/30/17 20/31/17
f 21/32/18 24/33/18 22/34/18
f 17/35/19 21/32/19 18/36/19
f 18/30/20 22/37/20 19/38/20
f 19/38/21 23/39/21 20/31/21
f 21/32/22 17/35/22 24/33/22
f 18/30/17 19/38/17 20/31/17
f 24/33/18 23/40/18 22/34/18
f 21/32/19 22/34/19 18/36/19
f 22/37/20 23/39/20 19/38/20
f 23/39/21 24/41/21 20/31/21
f 17/35/23 20/42/23 24/33/23
o Cube.001
v -0.300000 2.034568 1.032277
v -0.300000 2.311422 1.320984
v -0.700000 2.311422 1.320984
v -0.700000 2.034568 1.032277
v -0.300000 3.405927 -0.282781
v -0.300000 3.682781 0.005927
v -0.700000 3.682781 0.005926
v -0.700000 3.405927 -0.282781
vt 0.268013 0.651957
vt 0.204440 0.612139
vt 0.327364 0.610818
vt 0.105608 0.949172
vt 0.043485 0.888371
vt 0.166409 0.887050
vt 0.255588 0.949173
vt 0.185373 0.554009
vt 0.115260 0.550016
vt 0.102836 0.847232
vt 0.028151 0.550017
vt 0.342696 0.949173
vt 0.265242 0.550016
vt 0.185474 0.945180
vn -0.000001 -0.721768 0.692135
vn 0.000000 0.721769 -0.692134
vn 1.000000 0.000000 0.000000
vn -0.000000 0.692135 0.721768
vn -1.000000 -0.000000 -0.000000
vn 0.000000 -0.692135 -0.721768
vn -0.000000 -0.721768 0.692135
vn 0.000000 0.721768 -0.692135
s off
f 25/43/24 26/44/24 28/45/24
f 29/46/25 32/47/25 30/48/25
f 25/43/26 29/49/26 26/44/26
f 26/50/27 30/48/27 27/51/27
f 27/51/28 31/52/28 28/53/28
f 29/49/29 25/43/29 32/54/29
f 26/44/30 27/55/30 28/45/30
f 32/47/31 31/52/31 30/48/31
f 29/49/26 30/56/26 26/44/26
f 30/48/27 31/52/27 27/51/27
f 31/52/28 32/47/28 28/53/28
f 25/43/29 28/45/29 32/54/29
o Cube.002
v -0.280000 0.694845 2.270982
v -0.280000 0.997133 2.590704
v -0.720000 0.997133 2.590704
v -0.720000 0.694845 2.270982
v -0.280000 2.213527 0.835117
v -0.280000 2.515814 1.154840
v -0.720000 2.515814 1.154839
v -0.720000 2.213527 0.835117
vt 0.898509 0.709462
vt 0.845696 0.676383
vt 0.947814 0.675286
vt 0.763593 0.956370
vt 0.711985 0.905859
vt 0.814103 0.904762
vt 0.888187 0.956370
vt 0.829857 0.628092
vt 0.771611 0.624776
vt 0.761290 0.871684
vt 0.699246 0.624776
vt 0.960551 0.956370
vt 0.896207 0.624776
vt 0.829940 0.953053
vn 0.000000 -0.726642 0.687017
vn 0.000000 0.726642 -0.687017
vn 1.000000 0.000000 0.000000
vn 0.000000 0.687017 0.726642
vn -1.000000 -0.000000 -0.000000
vn 0.000000 -0.687017 -0.726642
vn 0.000000 -0.726642 0.687016
vn -0.000000 0.726641 -0.687017
vn -0.000001 0.687017 0.726642
s off
f 33/57/32 34/58/32 36/59/32
f 37/60/33 40/61/33 38/62/33
f 33/57/34 37/63/34 34/58/34
f 34/64/35 38/62/35 35/65/35
f 35/65/36 39/66/36 36/67/36
f 37/63/37 33/57/37 40/68/37
f 34/58/38 35/69/38 36/59/38
f 40/61/39 39/66/39 38/62/39
f 37/63/34 38/70/34 34/58/34
f 38/62/40 39/66/40 35/65/40
f 39/66/36 40/61/36 36/67/36
f 33/57/37 36/59/37 40/68/37
