# Blender v2.69 (sub 0) OBJ File: 'walk_bot.blend'
# www.blender.org
o Cube.004
v 0.200000 3.300000 -0.200000
v 0.200000 3.300000 0.200000
v -0.200000 3.300000 0.200000
v -0.200000 3.300000 -0.200000
v 0.200000 5.200000 -0.200000
v 0.200000 5.200000 0.200000
v -0.200000 5.200000 0.200000
v -0.200000 5.200000 -0.200000
vt 0.541429 0.442629
vt 0.496797 0.414675
vt 0.583096 0.413748
vt 0.427412 0.651290
vt 0.383799 0.608604
vt 0.470098 0.607677
vt 0.532706 0.651290
vt 0.483412 0.373864
vt 0.434188 0.371062
vt 0.425466 0.579723
vt 0.373033 0.371062
vt 0.593861 0.651290
vt 0.539483 0.371062
vt 0.483482 0.648487
vn 0.000000 -1.000000 0.000000
vn 0.000000 1.000000 0.000000
vn 1.000000 -0.000000 0.000000
vn -0.000000 -0.000000 1.000000
vn -1.000000 -0.000000 -0.000000
vn 0.000000 0.000000 -1.000000
vn 0.000000 -1.000000 0.000001
vn 0.000000 1.000000 0.000003
vn -0.000001 0.000000 1.000000
s off
f 1/1/1 2/2/1 4/3/1
f 5/4/2 8/5/2 6/6/2
f 1/1/3 5/7/3 2/2/3
f 2/8/4 6/6/4 3/9/4
f 3/9/5 7/10/5 4/11/5
f 5/7/6 1/1/6 8/12/6
f 2/2/7 3/13/7 4/3/7
f 8/5/8 7/10/8 6/6/8
f 5/7/3 6/14/3 2/2/3
f 6/6/9 7/10/9 3/9/9
f 7/10/5 8/5/5 4/11/5
f 1/1/6 4/3/6 8/12/6
o Cube
v 0.700000 2.181138 -1.201821
v 0.700000 1.935496 -0.886131
v 0.300000 1.935496 -0.886131
v 0.300000 2.181138 -1.201821
v 0.700000 3.680666 -0.035024
v 0.700000 3.435024 0.280666
v 0.300000 3.435024 0.280666
v 0.300000 3.680666 -0.035024
vt 0.692114 0.026736
vt 0.754778 0.088068
vt 0.630782 0.089400
vt 0.845679 0.326542
vt 0.909805 0.366708
vt 0.785810 0.368039
vt 0.858212 0.026736
vt 0.770345 0.026736
vt 0.770244 0.429371
vt 0.694909 0.129565
vt 0.682376 0.429371
vt 0.848473 0.429371
vt 0.611651 0.425344
vt 0.928938 0.030764
vn 0.000000 -0.789225 -0.614104
vn 0.000000 0.789225 0.614105
vn 1.000000 0.000000 -0.000000
vn -0.000000 -0.614103 0.789226
vn -1.000000 0.000000 -0.000000
vn 0.000001 0.614103 -0.789226
vn -0.000000 0.789225 0.614104
vn -0.000000 -0.614104 0.789225
vn 0.000000 0.614103 -0.789225
s off
f 9/15/10 10/16/10 12/17/10
f 13/18/11 16/19/11 14/20/11
f 9/21/12 13/18/12 10/22/12
f 10/16/13 14/23/13 11/24/13
f 11/24/14 15/25/14 12/17/14
f 13/18/15 9/21/15 16/19/15
f 10/16/10 11/24/10 12/17/10
f 16/19/16 15/26/16 14/20/16
f 13/18/12 14/20/12 10/22/12
f 14/23/17 15/25/17 11/24/17
f 15/25/14 16/27/14 12/17/14
f 9/21/18 12/28/18 16/19/18
o Cube.003
v 0.720000 1.591952 -2.831886
v 0.720000 1.184412 -2.666021
v 0.280000 1.184412 -2.666021
v 0.280000 1.591952 -2.831886
v 0.720000 2.379807 -0.896069
v 0.720000 1.972266 -0.730205
v 0.280000 1.972266 -0.730205
v 0.280000 2.379807 -0.896069
vt 0.108231 0.022388
vt 0.164131 0.077100
vt 0.053519 0.078288
vt 0.245221 0.289835
vt 0.302427 0.325666
vt 0.191814 0.326853
vt 0.256402 0.022388
vt 0.178018 0.022388
vt 0.177928 0.381566
vt 0.110724 0.114118
vt 0.099544 0.381566
vt 0.247714 0.381566
vt 0.036452 0.377973
vt 0.319494 0.025981
vn -0.000001 -0.376964 -0.926228
vn 0.000000 0.376964 0.926228
vn 1.000000 0.000000 -0.000000
vn -0.000001 -0.926228 0.376964
vn -1.000000 0.000000 -0.000000
vn 0.000000 0.926228 -0.376964
vn 0.000001 -0.376965 -0.926228
s off
f 17/29/19 18/30/19 20/31/19
f 21/32/20 24/33/20 22/34/20
f 17/35/21 21/32/21 18/36/21
f 18/30/22 22/37/22 19/38/22
f 19/38/23 23/39/23 20/31/23
f 21/32/24 17/35/24 24/33/24
f 18/30/25 19/38/25 20/31/25
f 24/33/20 23/40/20 22/34/20
f 21/32/21 22/34/21 18/36/21
f 22/37/22 23/39/22 19/38/22
f 23/39/23 24/41/23 20/31/23
f 17/35/24 20/42/24 24/33/24
o Cube.001
v -0.300000 1.917270 0.855284
v -0.300000 2.156250 1.176047
v -0.700000 2.156250 1.176047
v -0.700000 1.917270 0.855284
v -0.300000 3.440891 -0.279871
v -0.300000 3.679872 0.040891
v -0.700000 3.679871 0.040891
v -0.700000 3.440891 -0.279871
vt 0.268013 0.651957
vt 0.204440 0.612139
vt 0.327364 0.610818
vt 0.105608 0.949172
vt 0.043485 0.888371
vt 0.166409 0.887050
vt 0.255588 0.949173
vt 0.185373 0.554009
vt 0.115260 0.550016
vt 0.102836 0.847232
vt 0.028151 0.550017
vt 0.342696 0.949173
vt 0.265242 0.550016
vt 0.185474 0.945180
vn 0.000000 -0.801906 0.597450
vn 0.000000 0.801906 -0.597450
vn 1.000000 -0.000000 0.000000
vn 0.000000 0.597450 0.801906
vn -1.000000 0.000000 -0.000000
vn 0.000000 -0.597450 -0.801906
vn 0.000000 -0.801906 0.597451
vn -0.000001 0.597450 0.801906
s off
f 25/43/26 26/44/26 28/45/26
f 29/46/27 32/47/27 30/48/27
f 25/43/28 29/49/28 26/44/28
f 26/50/29 30/48/29 27/51/29
f 27/51/30 31/52/30 28/53/30
f 29/49/31 25/43/31 32/54/31
f 26/44/32 27/55/32 28/45/32
f 32/47/27 31/52/27 30/48/27
f 29/49/28 30/56/28 26/44/28
f 30/48/33 31/52/33 27/51/33
f 31/52/30 32/47/30 28/53/30
f 25/43/31 28/45/31 32/54/31
o Cube.002
v -0.280000 0.437759 1.924322
v -0.280000 0.699378 2.278096
v -0.720000 0.699378 2.278096
v -0.720000 0.437759 1.924322
v -0.280000 2.118185 0.681635
v -0.280000 2.379803 1.035409
v -0.720000 2.379803 1.035409
v -0.720000 2.118185 0.681635
vt 0.898509 0.709462
vt 0.845696 0.676383
vt 0.947814 0.675286
vt 0.763593 0.956370
vt 0.711985 0.905859
vt 0.814103 0.904762
vt 0.888187 0.956370
vt 0.829857 0.628092
vt 0.771611 0.624776
vt 0.761290 0.871684
vt 0.699246 0.624776
vt 0.960551 0.956370
vt 0.896207 0.624776
vt 0.829940 0.953053
vn 0.000000 -0.804031 0.594587
vn 0.000000 0.804031 -0.594587
vn 1.000000 -0.000000 0.000000
vn 0.000000 0.594587 0.804031
vn -1.000000 -0.000000 -0.000000
vn 0.000001 -0.594587 -0.804031
vn -0.000000 0.804032 -0.594586
vn -0.000001 0.594587 0.804031
vn 0.000000 -0.594587 -0.804031
s off
f 33/57/34 34/58/34 36/59/34
f 37/60/35 40/61/35 38/62/35
f 33/57/36 37/63/36 34/58/36
f 34/64/37 38/62/37 35/65/37
f 35/65/38 39/66/38 36/67/38
f 37/63/39 33/57/39 40/68/39
f 34/58/34 35/69/34 36/59/34
f 40/61/40 39/66/40 38/62/40
f 37/63/36 38/70/36 34/58/36
f 38/62/41 39/66/41 35/65/41
f 39/66/38 40/61/38 36/67/38
f 33/57/42 36/59/42 40/68/42
