# Blender v2.69 (sub 0) OBJ File: 'walk_bot.blend'
# www.blender.org
o Cube.004
v 0.200000 3.300000 -0.200000
v 0.200000 3.300000 0.200000
v -0.200000 3.300000 0.200000
v -0.200000 3.300000 -0.200000
v 0.200000 5.200000 -0.200000
v 0.200000 5.200000 0.200000
v -0.200000 5.200000 0.200000
v -0.200000 5.200000 -0.200000
vt 0.541429 0.442629
vt 0.496797 0.414675
vt 0.583096 0.413748
vt 0.427412 0.651290
vt 0.383799 0.608604
vt 0.470098 0.607677
vt 0.532706 0.651290
vt 0.483412 0.373864
vt 0.434188 0.371062
vt 0.425466 0.579723
vt 0.373033 0.371062
vt 0.593861 0.651290
vt 0.539483 0.371062
vt 0.483482 0.648487
vn 0.000000 -1.000000 0.000000
vn 0.000000 1.000000 0.000000
vn 1.000000 -0.000000 0.000000
vn -0.000000 -0.000000 1.000000
vn -1.000000 -0.000000 -0.000000
vn 0.000000 0.000000 -1.000000
vn 0.000000 -1.000000 0.000001
vn 0.000000 1.000000 0.000003
vn -0.000001 0.000000 1.000000
s off
f 1/1/1 2/2/1 4/3/1
f 5/4/2 8/5/2 6/6/2
f 1/1/3 5/7/3 2/2/3
f 2/8/4 6/6/4 3/9/4
f 3/9/5 7/10/5 4/11/5
f 5/7/6 1/1/6 8/12/6
f 2/2/7 3/13/7 4/3/7
f 8/5/8 7/10/8 6/6/8
f 5/7/3 6/14/3 2/2/3
f 6/6/9 7/10/9 3/9/9
f 7/10/5 8/5/5 4/11/5
f 1/1/6 4/3/6 8/12/6
o Cube
v 0.700000 1.866487 -0.760484
v 0.700000 1.731863 -0.383819
v 0.300000 1.731863 -0.383819
v 0.300000 1.866487 -0.760484
v 0.700000 3.655644 -0.121020
v 0.700000 3.521020 0.255645
v 0.300000 3.521021 0.255644
v 0.300000 3.655644 -0.121020
vt 0.692114 0.026736
vt 0.754778 0.088068
vt 0.630782 0.089400
vt 0.845679 0.326542
vt 0.909805 0.366708
vt 0.785810 0.368039
vt 0.858212 0.026736
vt 0.770345 0.026736
vt 0.770244 0.429371
vt 0.694909 0.129565
vt 0.682376 0.429371
vt 0.848473 0.429371
vt 0.611651 0.425344
vt 0.928938 0.030764
vn 0.000000 -0.941662 -0.336560
vn -0.000000 0.941662 0.336560
vn 1.000000 -0.000000 -0.000000
vn -0.000000 -0.336560 0.941662
vn -1.000000 0.000000 -0.000000
vn 0.000000 0.336560 -0.941662
vn 0.000000 0.941662 0.336561
vn -0.000001 -0.336560 0.941662
s off
f 9/15/10 10/16/10 12/17/10
f 13/18/11 16/19/11 14/20/11
f 9/21/12 13/18/12 10/22/12
f 10/16/13 14/23/13 11/24/13
f 11/24/14 15/25/14 12/17/14
f 13/18/15 9/21/15 16/19/15
f 10/16/10 11/24/10 12/17/10
f 16/19/16 15/26/16 14/20/16
f 13/18/12 14/20/12 10/22/12
f 14/23/17 15/25/17 11/24/17
f 15/25/14 16/27/14 12/17/14
f 9/21/15 12/28/15 16/19/15
o Cube.003
v 0.720000 1.023575 -2.253677
v 0.720000 0.652190 -2.017724
v 0.280000 0.652190 -2.017724
v 0.280000 1.023575 -2.253677
v 0.720000 2.144350 -0.489601
v 0.720000 1.772965 -0.253648
v 0.280000 1.772966 -0.253648
v 0.280000 2.144350 -0.489601
vt 0.108231 0.022388
vt 0.164131 0.077100
vt 0.053519 0.078288
vt 0.245221 0.289835
vt 0.302427 0.325666
vt 0.191814 0.326853
vt 0.256402 0.022388
vt 0.178018 0.022388
vt 0.177928 0.381566
vt 0.110724 0.114118
vt 0.099544 0.381566
vt 0.247714 0.381566
vt 0.036452 0.377973
vt 0.319494 0.025981
vn 0.000001 -0.536256 -0.844055
vn 0.000000 0.536256 0.844056
vn 1.000000 0.000000 -0.000000
vn 0.000000 -0.844055 0.536256
vn -1.000000 0.000000 -0.000000
vn 0.000000 0.844055 -0.536256
vn 0.000000 -0.536256 -0.844055
s off
f 17/29/18 18/30/18 20/31/18
f 21/32/19 24/33/19 22/34/19
f 17/35/20 21/32/20 18/36/20
f 18/30/21 22/37/21 19/38/21
f 19/38/22 23/39/22 20/31/22
f 21/32/23 17/35/23 24/33/23
f 18/30/24 19/38/24 20/31/24
f 24/33/19 23/40/19 22/34/19
f 21/32/20 22/34/20 18/36/20
f 22/37/21 23/39/21 19/38/21
f 23/39/22 24/41/22 20/31/22
f 17/35/23 20/42/23 24/33/23
o Cube.001
v -0.300000 1.757182 0.480780
v -0.300000 1.913617 0.848921
v -0.700000 1.913617 0.848921
v -0.700000 1.757182 0.480780
v -0.300000 3.505853 -0.262288
v -0.300000 3.662288 0.105853
v -0.700000 3.662288 0.105853
v -0.700000 3.505853 -0.262288
vt 0.268013 0.651957
vt 0.204440 0.612139
vt 0.327364 0.610818
vt 0.105608 0.949172
vt 0.043485 0.888371
vt 0.166409 0.887050
vt 0.255588 0.949173
vt 0.185373 0.554009
vt 0.115260 0.550016
vt 0.102836 0.847232
vt 0.028151 0.550017
vt 0.342696 0.949173
vt 0.265242 0.550016
vt 0.185474 0.945180
vn 0.000000 -0.920353 0.391089
vn -0.000000 0.920354 -0.391087
vn 1.000000 -0.000000 0.000000
vn -0.000000 0.391088 0.920353
vn -1.000000 -0.000000 -0.000000
vn 0.000001 -0.391088 -0.920353
vn 0.000000 -0.920353 0.391088
vn 0.000000 0.920353 -0.391089
vn -0.000001 0.391088 0.920353
vn 0.000000 -0.391089 -0.920353
s off
f 25/43/25 26/44/25 28/45/25
f 29/46/26 32/47/26 30/48/26
f 25/43/27 29/49/27 26/44/27
f 26/50/28 30/48/28 27/51/28
f 27/51/29 31/52/29 28/53/29
f 29/49/30 25/43/30 32/54/30
f 26/44/31 27/55/31 28/45/31
f 32/47/32 31/52/32 30/48/32
f 29/49/27 30/56/27 26/44/27
f 30/48/33 31/52/33 27/51/33
f 31/52/29 32/47/29 28/53/29
f 25/43/34 28/45/34 32/54/34
o Cube.002
v -0.280000 0.044510 1.084723
v -0.280000 0.195961 1.497836
v -0.720000 0.195961 1.497836
v -0.720000 0.044510 1.084723
v -0.280000 2.006799 0.365330
v -0.280000 2.158250 0.778443
v -0.720000 2.158250 0.778443
v -0.720000 2.006799 0.365330
vt 0.898509 0.709462
vt 0.845696 0.676383
vt 0.947814 0.675286
vt 0.763593 0.956370
vt 0.711985 0.905859
vt 0.814103 0.904762
vt 0.888187 0.956370
vt 0.829857 0.628092
vt 0.771611 0.624776
vt 0.761290 0.871684
vt 0.699246 0.624776
vt 0.960551 0.956370
vt 0.896207 0.624776
vt 0.829940 0.953053
vn 0.000000 -0.938894 0.344207
vn 0.000000 0.938894 -0.344207
vn 1.000000 0.000000 0.000000
vn 0.000000 0.344207 0.938894
vn -1.000000 -0.000000 -0.000000
vn 0.000000 -0.344207 -0.938894
vn 0.000000 0.938893 -0.344208
vn -0.000001 0.344207 0.938894
s off
f 33/57/35 34/58/35 36/59/35
f 37/60/36 40/61/36 38/62/36
f 33/57/37 37/63/37 34/58/37
f 34/64/38 38/62/38 35/65/38
f 35/65/39 39/66/39 36/67/39
f 37/63/40 33/57/40 40/68/40
f 34/58/35 35/69/35 36/59/35
f 40/61/41 39/66/41 38/62/41
f 37/63/37 38/70/37 34/58/37
f 38/62/42 39/66/42 35/65/42
f 39/66/39 40/61/39 36/67/39
f 33/57/40 36/59/40 40/68/40
