# Blender v2.69 (sub 0) OBJ File: 'walk_bot.blend'
# www.blender.org
o Cube.004
v 0.200000 3.300000 -0.200000
v 0.200000 3.300000 0.200000
v -0.200000 3.300000 0.200000
v -0.200000 3.300000 -0.200000
v 0.200000 5.200000 -0.200000
v 0.200000 5.200000 0.200000
v -0.200000 5.200000 0.200000
v -0.200000 5.200000 -0.200000
vt 0.541429 0.442629
vt 0.496797 0.414675
vt 0.583096 0.413748
vt 0.427412 0.651290
vt 0.383799 0.608604
vt 0.470098 0.607677
vt 0.532706 0.651290
vt 0.483412 0.373864
vt 0.434188 0.371062
vt 0.425466 0.579723
vt 0.373033 0.371062
vt 0.593861 0.651290
vt 0.539483 0.371062
vt 0.483482 0.648487
vn 0.000000 -1.000000 0.000000
vn 0.000000 1.000000 0.000000
vn 1.000000 -0.000000 0.000000
vn -0.000000 -0.000000 1.000000
vn -1.000000 -0.000000 -0.000000
vn 0.000000 0.000000 -1.000000
vn 0.000000 -1.000000 0.000001
vn 0.000000 1.000000 0.000003
vn -0.000001 0.000000 1.000000
s off
f 1/1/1 2/2/1 4/3/1
f 5/4/2 8/5/2 6/6/2
f 1/1/3 5/7/3 2/2/3
f 2/8/4 6/6/4 3/9/4
f 3/9/5 7/10/5 4/11/5
f 5/7/6 1/1/6 8/12/6
f 2/2/7 3/13/7 4/3/7
f 8/5/8 7/10/8 6/6/8
f 5/7/3 6/14/3 2/2/3
f 6/6/9 7/10/9 3/9/9
f 7/10/5 8/5/5 4/11/5
f 1/1/6 4/3/6 8/12/6
o Cube
v 0.700000 1.704625 0.236016
v 0.700000 1.805690 0.623037
v 0.300000 1.805690 0.623037
v 0.300000 1.704625 0.236015
v 0.700000 3.542979 -0.244043
v 0.700000 3.644043 0.142979
v 0.300000 3.644043 0.142978
v 0.300000 3.542979 -0.244043
vt 0.692114 0.026736
vt 0.754778 0.088068
vt 0.630782 0.089400
vt 0.845679 0.326542
vt 0.909805 0.366708
vt 0.785810 0.368039
vt 0.858212 0.026736
vt 0.770345 0.026736
vt 0.770244 0.429371
vt 0.694909 0.129565
vt 0.682376 0.429371
vt 0.848473 0.429371
vt 0.611651 0.425344
vt 0.928938 0.030764
vn 0.000000 -0.967555 0.252663
vn 0.000000 0.967555 -0.252663
vn 1.000000 0.000000 0.000000
vn -0.000000 0.252663 0.967554
vn -1.000000 -0.000000 -0.000000
vn 0.000000 -0.252663 -0.967554
vn 0.000000 -0.967554 0.252663
vn 0.000000 0.967555 -0.252661
vn -0.000001 0.252663 0.967555
vn 0.000000 -0.252662 -0.967554
s off
f 9/15/10 10/16/10 12/17/10
f 13/18/11 16/19/11 14/20/11
f 9/21/12 13/18/12 10/22/12
f 10/16/13 14/23/13 11/24/13
f 11/24/14 15/25/14 12/17/14
f 13/18/15 9/21/15 16/19/15
f 10/16/16 11/24/16 12/17/16
f 16/19/17 15/26/17 14/20/17
f 13/18/12 14/20/12 10/22/12
f 14/23/18 15/25/18 11/24/18
f 15/25/14 16/27/14 12/17/14
f 9/21/19 12/28/19 16/19/19
o Cube.003
v 0.720000 0.218878 -0.607421
v 0.720000 0.023916 -0.212972
v 0.280000 0.023916 -0.212972
v 0.280000 0.218878 -0.607421
v 0.720000 2.092511 0.318646
v 0.720000 1.897550 0.713095
v 0.280000 1.897550 0.713095
v 0.280000 2.092511 0.318646
vt 0.108231 0.022388
vt 0.164131 0.077100
vt 0.053519 0.078288
vt 0.245221 0.289835
vt 0.302427 0.325666
vt 0.191814 0.326853
vt 0.256402 0.022388
vt 0.178018 0.022388
vt 0.177928 0.381566
vt 0.110724 0.114118
vt 0.099544 0.381566
vt 0.247714 0.381566
vt 0.036452 0.377973
vt 0.319494 0.025981
vn 0.000000 -0.896475 -0.443094
vn 0.000000 0.896475 0.443093
vn 1.000000 0.000000 -0.000000
vn -0.000000 -0.443094 0.896475
vn -1.000000 0.000000 -0.000000
vn 0.000001 0.443094 -0.896475
vn 0.000000 0.896475 0.443094
vn -0.000001 -0.443094 0.896475
vn 0.000000 0.443094 -0.896475
s off
f 17/29/20 18/30/20 20/31/20
f 21/32/21 24/33/21 22/34/21
f 17/35/22 21/32/22 18/36/22
f 18/30/23 22/37/23 19/38/23
f 19/38/24 23/39/24 20/31/24
f 21/32/25 17/35/25 24/33/25
f 18/30/20 19/38/20 20/31/20
f 24/33/26 23/40/26 22/34/26
f 21/32/22 22/34/22 18/36/22
f 22/37/27 23/39/27 19/38/27
f 23/39/24 24/41/24 20/31/24
f 17/35/28 20/42/28 24/33/28
o Cube.001
v -0.300000 1.800395 -0.609314
v -0.300000 1.702659 -0.221438
v -0.700000 1.702659 -0.221439
v -0.700000 1.800395 -0.609315
v -0.300000 3.642806 -0.145070
v -0.300000 3.545070 0.242806
v -0.700000 3.545070 0.242806
v -0.700000 3.642806 -0.145070
vt 0.268013 0.651957
vt 0.204440 0.612139
vt 0.327364 0.610818
vt 0.105608 0.949172
vt 0.043485 0.888371
vt 0.166409 0.887050
vt 0.255588 0.949173
vt 0.185373 0.554009
vt 0.115260 0.550016
vt 0.102836 0.847232
vt 0.028151 0.550017
vt 0.342696 0.949173
vt 0.265242 0.550016
vt 0.185474 0.945180
vn 0.000000 -0.969690 -0.244339
vn -0.000000 0.969690 0.244340
vn 1.000000 -0.000000 -0.000000
vn -0.000000 -0.244339 0.969690
vn -1.000000 -0.000000 -0.000000
vn 0.000000 0.244339 -0.969690
vn -0.000000 0.969690 0.244339
vn -0.000001 -0.244339 0.969690
s off
f 25/43/29 26/44/29 28/45/29
f 29/46/30 32/47/30 30/48/30
f 25/43/31 29/49/31 26/44/31
f 26/50/32 30/48/32 27/51/32
f 27/51/33 31/52/33 28/53/33
f 29/49/34 25/43/34 32/54/34
f 26/44/29 27/55/29 28/45/29
f 32/47/35 31/52/35 30/48/35
f 29/49/31 30/56/31 26/44/31
f 30/48/36 31/52/36 27/51/36
f 31/52/33 32/47/33 28/53/33
f 25/43/34 28/45/34 32/54/34
o Cube.002
v -0.280000 0.114500 -1.255297
v -0.280000 -0.037066 -0.842226
v -0.720000 -0.037066 -0.842226
v -0.720000 0.114500 -1.255297
v -0.280000 2.076588 -0.535359
v -0.280000 1.925022 -0.122288
v -0.720000 1.925022 -0.122288
v -0.720000 2.076588 -0.535359
vt 0.898509 0.709462
vt 0.845696 0.676383
vt 0.947814 0.675286
vt 0.763593 0.956370
vt 0.711985 0.905859
vt 0.814103 0.904762
vt 0.888187 0.956370
vt 0.829857 0.628092
vt 0.771611 0.624776
vt 0.761290 0.871684
vt 0.699246 0.624776
vt 0.960551 0.956370
vt 0.896207 0.624776
vt 0.829940 0.953053
vn -0.000000 -0.938798 -0.344468
vn -0.000000 0.938798 0.344468
vn 1.000000 -0.000000 -0.000000
vn -0.000000 -0.344468 0.938798
vn -1.000000 0.000000 -0.000000
vn 0.000001 0.344468 -0.938798
vn -0.000001 -0.344468 0.938798
vn 0.000000 0.344468 -0.938798
s off
f 33/57/37 34/58/37 36/59/37
f 37/60/38 40/61/38 38/62/38
f 33/57/39 37/63/39 34/58/39
f 34/64/40 38/62/40 35/65/40
f 35/65/41 39/66/41 36/67/41
f 37/63/42 33/57/42 40/68/42
f 34/58/37 35/69/37 36/59/37
f 40/61/38 39/66/38 38/62/38
f 37/63/39 38/70/39 34/58/39
f 38/62/43 39/66/43 35/65/43
f 39/66/41 40/61/41 36/67/41
f 33/57/44 36/59/44 40/68/44
