# Blender v2.69 (sub 0) OBJ File: 'walk_bot.blend'
# www.blender.org
o Cube.004
v 0.200000 3.300000 -0.200000
v 0.200000 3.300000 0.200000
v -0.200000 3.300000 0.200000
v -0.200000 3.300000 -0.200000
v 0.200000 5.200000 -0.200000
v 0.200000 5.200000 0.200000
v -0.200000 5.200000 0.200000
v -0.200000 5.200000 -0.200000
vt 0.541429 0.442629
vt 0.496797 0.414675
vt 0.583096 0.413748
vt 0.427412 0.651290
vt 0.383799 0.608604
vt 0.470098 0.607677
vt 0.532706 0.651290
vt 0.483412 0.373864
vt 0.434188 0.371062
vt 0.425466 0.579723
vt 0.373033 0.371062
vt 0.593861 0.651290
vt 0.539483 0.371062
vt 0.483482 0.648487
vn 0.000000 -1.000000 0.000000
vn 0.000000 1.000000 0.000000
vn 1.000000 -0.000000 0.000000
vn -0.000000 -0.000000 1.000000
vn -1.000000 -0.000000 -0.000000
vn 0.000000 0.000000 -1.000000
vn 0.000000 -1.000000 0.000001
vn 0.000000 1.000000 0.000003
vn -0.000001 0.000000 1.000000
s off
f 1/1/1 2/2/1 4/3/1
f 5/4/2 8/5/2 6/6/2
f 1/1/3 5/7/3 2/2/3
f 2/8/4 6/6/4 3/9/4
f 3/9/5 7/10/5 4/11/5
f 5/7/6 1/1/6 8/12/6
f 2/2/7 3/13/7 4/3/7
f 8/5/8 7/10/8 6/6/8
f 5/7/3 6/14/3 2/2/3
f 6/6/9 7/10/9 3/9/9
f 7/10/5 8/5/5 4/11/5
f 1/1/6 4/3/6 8/12/6
o Cube
v 0.700000 1.943801 -0.899713
v 0.700000 1.774753 -0.537189
v 0.300000 1.774753 -0.537190
v 0.300000 1.943801 -0.899713
v 0.700000 3.665785 -0.096738
v 0.700000 3.496738 0.265785
v 0.300000 3.496738 0.265785
v 0.300000 3.665785 -0.096738
vt 0.692114 0.026736
vt 0.754778 0.088068
vt 0.630782 0.089400
vt 0.845679 0.326542
vt 0.909805 0.366708
vt 0.785810 0.368039
vt 0.858212 0.026736
vt 0.770345 0.026736
vt 0.770244 0.429371
vt 0.694909 0.129565
vt 0.682376 0.429371
vt 0.848473 0.429371
vt 0.611651 0.425344
vt 0.928938 0.030764
vn 0.000000 -0.906308 -0.422618
vn -0.000000 0.906308 0.422618
vn 1.000000 0.000000 -0.000000
vn -0.000000 -0.422618 0.906308
vn -1.000000 0.000000 -0.000000
vn 0.000000 0.422618 -0.906308
vn 0.000000 -0.906307 -0.422619
vn -0.000000 0.906307 0.422619
s off
f 9/15/10 10/16/10 12/17/10
f 13/18/11 16/19/11 14/20/11
f 9/21/12 13/18/12 10/22/12
f 10/16/13 14/23/13 11/24/13
f 11/24/14 15/25/14 12/17/14
f 13/18/15 9/21/15 16/19/15
f 10/16/16 11/24/16 12/17/16
f 16/19/17 15/26/17 14/20/17
f 13/18/12 14/20/12 10/22/12
f 14/23/13 15/25/13 11/24/13
f 15/25/14 16/27/14 12/17/14
f 9/21/15 12/28/15 16/19/15
o Cube.003
v 0.720000 0.795628 -2.225396
v 0.720000 0.471703 -1.927617
v 0.280000 0.471703 -1.927617
v 0.280000 0.795628 -2.225396
v 0.720000 2.210078 -0.686749
v 0.720000 1.886152 -0.388970
v 0.280000 1.886152 -0.388971
v 0.280000 2.210078 -0.686749
vt 0.108231 0.022388
vt 0.164131 0.077100
vt 0.053519 0.078288
vt 0.245221 0.289835
vt 0.302427 0.325666
vt 0.191814 0.326853
vt 0.256402 0.022388
vt 0.178018 0.022388
vt 0.177928 0.381566
vt 0.110724 0.114118
vt 0.099544 0.381566
vt 0.247714 0.381566
vt 0.036452 0.377973
vt 0.319494 0.025981
vn 0.000000 -0.676770 -0.736194
vn 0.000000 0.676769 0.736195
vn 1.000000 0.000000 -0.000000
vn 0.000000 -0.736194 0.676770
vn -1.000000 0.000000 -0.000000
vn 0.000001 0.736194 -0.676770
vn 0.000000 -0.676770 -0.736195
vn -0.000000 0.676770 0.736194
vn -0.000001 -0.736194 0.676770
vn 0.000000 0.736194 -0.676770
s off
f 17/29/18 18/30/18 20/31/18
f 21/32/19 24/33/19 22/34/19
f 17/35/20 21/32/20 18/36/20
f 18/30/21 22/37/21 19/38/21
f 19/38/22 23/39/22 20/31/22
f 21/32/23 17/35/23 24/33/23
f 18/30/24 19/38/24 20/31/24
f 24/33/25 23/40/25 22/34/25
f 21/32/20 22/34/20 18/36/20
f 22/37/26 23/39/26 19/38/26
f 23/39/22 24/41/22 20/31/22
f 17/35/27 20/42/27 24/33/27
o Cube.001
v -0.300000 1.813921 0.643703
v -0.300000 2.006619 0.994228
v -0.700000 2.006619 0.994228
v -0.700000 1.813921 0.643703
v -0.300000 3.478914 -0.271611
v -0.300000 3.671611 0.078914
v -0.700000 3.671611 0.078913
v -0.700000 3.478914 -0.271611
vt 0.268013 0.651957
vt 0.204440 0.612139
vt 0.327364 0.610818
vt 0.105608 0.949172
vt 0.043485 0.888371
vt 0.166409 0.887050
vt 0.255588 0.949173
vt 0.185373 0.554009
vt 0.115260 0.550016
vt 0.102836 0.847232
vt 0.028151 0.550017
vt 0.342696 0.949173
vt 0.265242 0.550016
vt 0.185474 0.945180
vn 0.000000 -0.876312 0.481744
vn -0.000000 0.876313 -0.481743
vn 1.000000 0.000000 0.000000
vn 0.000000 0.481744 0.876312
vn -1.000000 -0.000000 -0.000000
vn 0.000001 -0.481744 -0.876312
vn 0.000000 -0.876312 0.481745
vn 0.000000 0.876312 -0.481743
vn -0.000001 0.481744 0.876312
vn 0.000000 -0.481744 -0.876312
s off
f 25/43/28 26/44/28 28/45/28
f 29/46/29 32/47/29 30/48/29
f 25/43/30 29/49/30 26/44/30
f 26/50/31 30/48/31 27/51/31
f 27/51/32 31/52/32 28/53/32
f 29/49/33 25/43/33 32/54/33
f 26/44/34 27/55/34 28/45/34
f 32/47/35 31/52/35 30/48/35
f 29/49/30 30/56/30 26/44/30
f 30/48/36 31/52/36 27/51/36
f 31/52/32 32/47/32 28/53/32
f 25/43/37 28/45/37 32/54/37
o Cube.002
v -0.280000 0.171737 1.419830
v -0.280000 0.364638 1.815290
v -0.720000 0.364638 1.815290
v -0.720000 0.171737 1.419830
v -0.280000 2.050176 0.503550
v -0.280000 2.243077 0.899011
v -0.720000 2.243077 0.899011
v -0.720000 2.050176 0.503550
vt 0.898509 0.709462
vt 0.845696 0.676383
vt 0.947814 0.675286
vt 0.763593 0.956370
vt 0.711985 0.905859
vt 0.814103 0.904762
vt 0.888187 0.956370
vt 0.829857 0.628092
vt 0.771611 0.624776
vt 0.761290 0.871684
vt 0.699246 0.624776
vt 0.960551 0.956370
vt 0.896207 0.624776
vt 0.829940 0.953053
vn 0.000000 -0.898775 0.438411
vn 0.000000 0.898774 -0.438412
vn 1.000000 -0.000000 0.000000
vn 0.000000 0.438411 0.898774
vn -1.000000 -0.000000 -0.000000
vn 0.000000 -0.438411 -0.898774
vn -0.000001 0.438411 0.898774
s off
f 33/57/38 34/58/38 36/59/38
f 37/60/39 40/61/39 38/62/39
f 33/57/40 37/63/40 34/58/40
f 34/64/41 38/62/41 35/65/41
f 35/65/42 39/66/42 36/67/42
f 37/63/43 33/57/43 40/68/43
f 34/58/38 35/69/38 36/59/38
f 40/61/39 39/66/39 38/62/39
f 37/63/40 38/70/40 34/58/40
f 38/62/44 39/66/44 35/65/44
f 39/66/42 40/61/42 36/67/42
f 33/57/43 36/59/43 40/68/43
